0.000000000000000000e+00,0.000000000000000000e+00,7.722495043555297949e-17,0.000000000000000000e+00,0.000000000000000000e+00,8.439839595164298791e-19,0.000000000000000000e+00,0.000000000000000000e+00,4.843969667110530064e-20,0.000000000000000000e+00
7.537688442211054607e-02,0.000000000000000000e+00,1.889090149929700923e-07,0.000000000000000000e+00,0.000000000000000000e+00,7.499621226469602555e-06,0.000000000000000000e+00,0.000000000000000000e+00,1.979849501287911622e-04,0.000000000000000000e+00
1.507537688442210921e-01,0.000000000000000000e+00,1.499863491640520011e-06,0.000000000000000000e+00,0.000000000000000000e+00,2.969623509621819378e-05,0.000000000000000000e+00,0.000000000000000000e+00,3.899703563142861359e-04,0.000000000000000000e+00
2.261306532663316382e-01,0.000000000000000000e+00,5.023690894904681237e-06,0.000000000000000000e+00,0.000000000000000000e+00,6.613991024702202848e-05,0.000000000000000000e+00,0.000000000000000000e+00,5.760171276320513690e-04,0.000000000000000000e+00
3.015075376884421843e-01,0.000000000000000000e+00,1.181747729815895882e-05,0.000000000000000000e+00,0.000000000000000000e+00,1.163853064530057579e-04,0.000000000000000000e+00,0.000000000000000000e+00,7.561861731576534178e-04,0.000000000000000000e+00
3.768844221105527303e-01,0.000000000000000000e+00,2.290491344881950643e-05,0.000000000000000000e+00,0.000000000000000000e+00,1.799916746246432362e-04,0.000000000000000000e+00,0.000000000000000000e+00,9.305384019666588114e-04,0.000000000000000000e+00
4.522613065326632764e-01,0.000000000000000000e+00,3.927664083389910383e-05,0.000000000000000000e+00,0.000000000000000000e+00,2.565228568087575913e-04,0.000000000000000000e+00,0.000000000000000000e+00,1.099134723134633862e-03,0.000000000000000000e+00
5.276381909547738225e-01,0.000000000000000000e+00,6.189059774556111588e-05,0.000000000000000000e+00,0.000000000000000000e+00,3.455472861885211001e-04,0.000000000000000000e+00,0.000000000000000000e+00,1.262036045737144774e-03,0.000000000000000000e+00
6.030150753768843686e-01,0.000000000000000000e+00,9.167236534667344572e-05,0.000000000000000000e+00,0.000000000000000000e+00,4.466379870834553370e-04,0.000000000000000000e+00,0.000000000000000000e+00,1.419303278849758619e-03,0.000000000000000000e+00
6.783919597989949146e-01,0.000000000000000000e+00,1.295155137363624743e-04,0.000000000000000000e+00,0.000000000000000000e+00,5.593725749494310928e-04,0.000000000000000000e+00,0.000000000000000000e+00,1.570997331548041383e-03,0.000000000000000000e+00
7.537688442211054607e-01,0.000000000000000000e+00,1.762819480155671729e-04,0.000000000000000000e+00,0.000000000000000000e+00,6.833332563786685644e-04,0.000000000000000000e+00,0.000000000000000000e+00,1.717179112907559705e-03,0.000000000000000000e+00
8.291457286432160068e-01,0.000000000000000000e+00,2.328022543525927782e-04,0.000000000000000000e+00,0.000000000000000000e+00,8.181068290997366502e-04,0.000000000000000000e+00,0.000000000000000000e+00,1.857909532003879788e-03,0.000000000000000000e+00
9.045226130653265528e-01,0.000000000000000000e+00,2.998760460486649083e-04,0.000000000000000000e+00,0.000000000000000000e+00,9.632846819775541967e-04,0.000000000000000000e+00,0.000000000000000000e+00,1.993249497912568270e-03,0.000000000000000000e+00
9.798994974874370989e-01,0.000000000000000000e+00,3.782723096034837731e-04,0.000000000000000000e+00,0.000000000000000000e+00,1.118462795013388644e-03,0.000000000000000000e+00,0.000000000000000000e+00,2.123259919709191788e-03,0.000000000000000000e+00
1.055276381909547645e+00,0.000000000000000000e+00,4.687297507807776939e-04,0.000000000000000000e+00,0.000000000000000000e+00,1.283241739344856674e-03,0.000000000000000000e+00,0.000000000000000000e+00,2.248001706469316113e-03,0.000000000000000000e+00
1.130653266331658191e+00,0.000000000000000000e+00,5.719571406738571109e-04,0.000000000000000000e+00,0.000000000000000000e+00,1.457226677245925407e-03,0.000000000000000000e+00,0.000000000000000000e+00,2.367535767268508749e-03,0.000000000000000000e+00
1.206030150753768737e+00,0.000000000000000000e+00,6.886336617711693491e-04,0.000000000000000000e+00,0.000000000000000000e+00,1.640027362126909253e-03,0.000000000000000000e+00,0.000000000000000000e+00,2.481923011182335902e-03,0.000000000000000000e+00
1.281407035175879283e+00,0.000000000000000000e+00,8.194092540218510809e-04,0.000000000000000000e+00,0.000000000000000000e+00,1.831258138534473494e-03,0.000000000000000000e+00,0.000000000000000000e+00,2.591224347286362906e-03,0.000000000000000000e+00
1.356783919597989829e+00,0.000000000000000000e+00,9.649049609012836076e-04,0.000000000000000000e+00,0.000000000000000000e+00,2.030537942151631678e-03,0.000000000000000000e+00,0.000000000000000000e+00,2.695500684656157268e-03,0.000000000000000000e+00
1.432160804020100375e+00,0.000000000000000000e+00,1.125713275476646676e-03,0.000000000000000000e+00,0.000000000000000000e+00,2.237490299797746923e-03,0.000000000000000000e+00,0.000000000000000000e+00,2.794812932367284758e-03,0.000000000000000000e+00
1.507537688442210921e+00,0.000000000000000000e+00,1.302398486472471431e-03,0.000000000000000000e+00,0.000000000000000000e+00,2.451743329428531046e-03,0.000000000000000000e+00,0.000000000000000000e+00,2.889221999495312880e-03,0.000000000000000000e+00
1.582914572864321467e+00,0.000000000000000000e+00,1.495497024336195314e-03,0.000000000000000000e+00,0.000000000000000000e+00,2.672929740136046738e-03,0.000000000000000000e+00,0.000000000000000000e+00,2.978788795115807405e-03,0.000000000000000000e+00
1.658291457286432014e+00,0.000000000000000000e+00,1.705517807303716209e-03,0.000000000000000000e+00,0.000000000000000000e+00,2.900686832148704087e-03,0.000000000000000000e+00,0.000000000000000000e+00,3.063574228304334103e-03,0.000000000000000000e+00
1.733668341708542560e+00,0.000000000000000000e+00,1.932942587464945390e-03,0.000000000000000000e+00,0.000000000000000000e+00,3.134656496831262750e-03,0.000000000000000000e+00,0.000000000000000000e+00,3.143639208136460913e-03,0.000000000000000000e+00
1.809045226130653106e+00,0.000000000000000000e+00,2.178226296829361992e-03,0.000000000000000000e+00,0.000000000000000000e+00,3.374485216684832388e-03,0.000000000000000000e+00,0.000000000000000000e+00,3.219044643687753171e-03,0.000000000000000000e+00
1.884422110552763652e+00,0.000000000000000000e+00,2.441797393391567910e-03,0.000000000000000000e+00,0.000000000000000000e+00,3.619824065346871796e-03,0.000000000000000000e+00,0.000000000000000000e+00,3.289851444033777515e-03,0.000000000000000000e+00
1.959798994974874198e+00,0.000000000000000000e+00,2.724058207196840536e-03,0.000000000000000000e+00,0.000000000000000000e+00,3.870328707591188903e-03,0.000000000000000000e+00,0.000000000000000000e+00,3.356120518250100583e-03,0.000000000000000000e+00
2.035175879396984744e+00,0.000000000000000000e+00,3.025385286406686355e-03,0.000000000000000000e+00,0.000000000000000000e+00,4.125659399327939909e-03,0.000000000000000000e+00,0.000000000000000000e+00,3.417912775412289012e-03,0.000000000000000000e+00
2.110552763819095290e+00,0.000000000000000000e+00,3.346129743364395417e-03,0.000000000000000000e+00,0.000000000000000000e+00,4.385480987603629713e-03,0.000000000000000000e+00,0.000000000000000000e+00,3.475289124595909006e-03,0.000000000000000000e+00
2.185929648241205836e+00,0.000000000000000000e+00,3.686617600660597755e-03,0.000000000000000000e+00,0.000000000000000000e+00,4.649462910601116251e-03,0.000000000000000000e+00,0.000000000000000000e+00,3.528310474876526336e-03,0.000000000000000000e+00
2.261306532663316382e+00,0.000000000000000000e+00,4.047150137198813301e-03,0.000000000000000000e+00,0.000000000000000000e+00,4.917279197639603562e-03,0.000000000000000000e+00,0.000000000000000000e+00,3.577037735329708940e-03,0.000000000000000000e+00
2.336683417085426928e+00,0.000000000000000000e+00,4.428004234261007435e-03,0.000000000000000000e+00,0.000000000000000000e+00,5.188608469174643516e-03,0.000000000000000000e+00,0.000000000000000000e+00,3.621531815031022155e-03,0.000000000000000000e+00
2.412060301507537474e+00,0.000000000000000000e+00,4.829432721573145675e-03,0.000000000000000000e+00,0.000000000000000000e+00,5.463133936798141022e-03,0.000000000000000000e+00,0.000000000000000000e+00,3.661853623056032618e-03,0.000000000000000000e+00
2.487437185929648020e+00,0.000000000000000000e+00,5.251664723370747488e-03,0.000000000000000000e+00,0.000000000000000000e+00,5.740543403238348823e-03,0.000000000000000000e+00,0.000000000000000000e+00,3.698064068480307401e-03,0.000000000000000000e+00
2.562814070351758566e+00,0.000000000000000000e+00,5.694906004464440549e-03,0.000000000000000000e+00,0.000000000000000000e+00,6.020529262359866629e-03,0.000000000000000000e+00,0.000000000000000000e+00,3.730224060379412274e-03,0.000000000000000000e+00
2.638190954773869112e+00,0.000000000000000000e+00,6.159339316305511951e-03,0.000000000000000000e+00,0.000000000000000000e+00,6.302788499163647189e-03,0.000000000000000000e+00,0.000000000000000000e+00,3.758394507828913874e-03,0.000000000000000000e+00
2.713567839195979658e+00,0.000000000000000000e+00,6.645124743051464625e-03,0.000000000000000000e+00,0.000000000000000000e+00,6.587022689786988482e-03,0.000000000000000000e+00,0.000000000000000000e+00,3.782636319904378406e-03,0.000000000000000000e+00
2.788944723618090205e+00,0.000000000000000000e+00,7.152400047631572028e-03,0.000000000000000000e+00,0.000000000000000000e+00,6.872938001503540659e-03,0.000000000000000000e+00,0.000000000000000000e+00,3.803010405681372941e-03,0.000000000000000000e+00
2.864321608040200751e+00,0.000000000000000000e+00,7.681281017812432825e-03,0.000000000000000000e+00,0.000000000000000000e+00,7.160245192723303440e-03,0.000000000000000000e+00,0.000000000000000000e+00,3.819577674235462815e-03,0.000000000000000000e+00
2.939698492462311297e+00,0.000000000000000000e+00,8.231861812263522107e-03,0.000000000000000000e+00,0.000000000000000000e+00,7.448659612992622643e-03,0.000000000000000000e+00,0.000000000000000000e+00,3.832399034642215967e-03,0.000000000000000000e+00
3.015075376884421843e+00,0.000000000000000000e+00,8.804215306622738269e-03,0.000000000000000000e+00,0.000000000000000000e+00,7.737901202994196259e-03,0.000000000000000000e+00,0.000000000000000000e+00,3.841535395977198168e-03,0.000000000000000000e+00
3.090452261306532389e+00,0.000000000000000000e+00,9.398393439561978507e-03,0.000000000000000000e+00,0.000000000000000000e+00,8.027694494547068377e-03,0.000000000000000000e+00,0.000000000000000000e+00,3.847047667315974754e-03,0.000000000000000000e+00
3.165829145728642935e+00,0.000000000000000000e+00,1.001442755885266836e-02,0.000000000000000000e+00,0.000000000000000000e+00,8.317768610606637858e-03,0.000000000000000000e+00,0.000000000000000000e+00,3.848996757734114531e-03,0.000000000000000000e+00
3.241206030150753481e+00,0.000000000000000000e+00,1.065232876743133286e-02,0.000000000000000000e+00,0.000000000000000000e+00,8.607857265264645327e-03,0.000000000000000000e+00,0.000000000000000000e+00,3.847443576307181534e-03,0.000000000000000000e+00
3.316582914572864027e+00,0.000000000000000000e+00,1.131208826946514430e-02,0.000000000000000000e+00,0.000000000000000000e+00,8.897698763749191386e-03,0.000000000000000000e+00,0.000000000000000000e+00,3.842449032110744137e-03,0.000000000000000000e+00
3.391959798994974573e+00,0.000000000000000000e+00,1.199367771641746995e-02,0.000000000000000000e+00,0.000000000000000000e+00,9.187036002424710593e-03,0.000000000000000000e+00,0.000000000000000000e+00,3.834074034220367674e-03,0.000000000000000000e+00
3.467336683417085119e+00,0.000000000000000000e+00,1.269704955311344065e-02,0.000000000000000000e+00,0.000000000000000000e+00,9.475616468791999217e-03,0.000000000000000000e+00,0.000000000000000000e+00,3.822379491711618785e-03,0.000000000000000000e+00
3.542713567839195665e+00,0.000000000000000000e+00,1.342213736380548812e-02,0.000000000000000000e+00,0.000000000000000000e+00,9.763192241488201362e-03,0.000000000000000000e+00,0.000000000000000000e+00,3.807426313660063674e-03,0.000000000000000000e+00
3.618090452261306211e+00,0.000000000000000000e+00,1.416885621823891182e-02,0.000000000000000000e+00,0.000000000000000000e+00,1.004951999028680203e-02,0.000000000000000000e+00,0.000000000000000000e+00,3.789275409141269844e-03,0.000000000000000000e+00
3.693467336683416757e+00,0.000000000000000000e+00,1.493710301771742840e-02,0.000000000000000000e+00,0.000000000000000000e+00,1.033436097609764619e-02,0.000000000000000000e+00,0.000000000000000000e+00,3.767987687230803500e-03,0.000000000000000000e+00
3.768844221105527303e+00,0.000000000000000000e+00,1.572675684116871947e-02,0.000000000000000000e+00,0.000000000000000000e+00,1.061748105096692145e-02,0.000000000000000000e+00,0.000000000000000000e+00,3.743624057004229979e-03,0.000000000000000000e+00
3.844221105527637850e+00,0.000000000000000000e+00,1.653767929121000013e-02,0.000000000000000000e+00,0.000000000000000000e+00,1.089865065807716325e-02,0.000000000000000000e+00,0.000000000000000000e+00,3.716245427537115918e-03,0.000000000000000000e+00
3.919597989949748396e+00,0.000000000000000000e+00,1.736971484021357023e-02,0.000000000000000000e+00,0.000000000000000000e+00,1.117764483174726528e-02,0.000000000000000000e+00,0.000000000000000000e+00,3.685912707905029256e-03,0.000000000000000000e+00
3.994974874371858942e+00,0.000000000000000000e+00,1.822269117637233260e-02,0.000000000000000000e+00,0.000000000000000000e+00,1.145424319743246211e-02,0.000000000000000000e+00,0.000000000000000000e+00,3.652686807183534029e-03,0.000000000000000000e+00
4.070351758793969488e+00,0.000000000000000000e+00,1.909641954976541364e-02,0.000000000000000000e+00,0.000000000000000000e+00,1.172822997172433615e-02,0.000000000000000000e+00,0.000000000000000000e+00,3.616628634448198609e-03,0.000000000000000000e+00
4.145728643216079590e+00,0.000000000000000000e+00,1.999069511842365560e-02,0.000000000000000000e+00,0.000000000000000000e+00,1.199939396235082459e-02,0.000000000000000000e+00,0.000000000000000000e+00,3.577799098774589633e-03,0.000000000000000000e+00
4.221105527638190580e+00,0.000000000000000000e+00,2.090529729439521978e-02,0.000000000000000000e+00,0.000000000000000000e+00,1.226752856817621591e-02,0.000000000000000000e+00,0.000000000000000000e+00,3.536259109238272438e-03,0.000000000000000000e+00
4.296482412060301570e+00,0.000000000000000000e+00,2.183999008981107881e-02,0.000000000000000000e+00,0.000000000000000000e+00,1.253243177920114297e-02,0.000000000000000000e+00,0.000000000000000000e+00,3.492069574914813228e-03,0.000000000000000000e+00
4.371859296482411672e+00,0.000000000000000000e+00,2.279452246295063031e-02,0.000000000000000000e+00,0.000000000000000000e+00,1.279390617656258125e-02,0.000000000000000000e+00,0.000000000000000000e+00,3.445291404879779508e-03,0.000000000000000000e+00
4.447236180904521774e+00,0.000000000000000000e+00,2.376862866430723420e-02,0.000000000000000000e+00,0.000000000000000000e+00,1.305175893253387141e-02,0.000000000000000000e+00,0.000000000000000000e+00,3.395985508208737482e-03,0.000000000000000000e+00
4.522613065326632764e+00,0.000000000000000000e+00,2.476202858265376741e-02,0.000000000000000000e+00,0.000000000000000000e+00,1.330580181052469155e-02,0.000000000000000000e+00,0.000000000000000000e+00,3.344212793977252920e-03,0.000000000000000000e+00
4.597989949748743754e+00,0.000000000000000000e+00,2.577442809110814387e-02,0.000000000000000000e+00,0.000000000000000000e+00,1.355585116508107452e-02,0.000000000000000000e+00,0.000000000000000000e+00,3.290034171260894195e-03,0.000000000000000000e+00
4.673366834170853856e+00,0.000000000000000000e+00,2.680551939319890734e-02,0.000000000000000000e+00,0.000000000000000000e+00,1.380172794188539755e-02,0.000000000000000000e+00,0.000000000000000000e+00,3.233510549135224909e-03,0.000000000000000000e+00
4.748743718592963958e+00,0.000000000000000000e+00,2.785498136893077917e-02,0.000000000000000000e+00,0.000000000000000000e+00,1.404325767775638917e-02,0.000000000000000000e+00,0.000000000000000000e+00,3.174702836675813433e-03,0.000000000000000000e+00
4.824120603015074948e+00,0.000000000000000000e+00,2.892247992085021646e-02,0.000000000000000000e+00,0.000000000000000000e+00,1.428027050064913442e-02,0.000000000000000000e+00,0.000000000000000000e+00,3.113671942958226840e-03,0.000000000000000000e+00
4.899497487437185939e+00,0.000000000000000000e+00,3.000766832011093899e-02,0.000000000000000000e+00,0.000000000000000000e+00,1.451260112965505229e-02,0.000000000000000000e+00,0.000000000000000000e+00,3.050478777058028730e-03,0.000000000000000000e+00
4.974874371859296041e+00,0.000000000000000000e+00,3.111018755253950122e-02,0.000000000000000000e+00,0.000000000000000000e+00,1.474008887500192350e-02,0.000000000000000000e+00,0.000000000000000000e+00,2.985184248050787477e-03,0.000000000000000000e+00
5.050251256281406143e+00,0.000000000000000000e+00,3.222966666470084701e-02,0.000000000000000000e+00,0.000000000000000000e+00,1.496257763805387830e-02,0.000000000000000000e+00,0.000000000000000000e+00,2.917849265012071452e-03,0.000000000000000000e+00
5.125628140703517133e+00,0.000000000000000000e+00,3.336572310996389207e-02,0.000000000000000000e+00,0.000000000000000000e+00,1.517991591131138442e-02,0.000000000000000000e+00,0.000000000000000000e+00,2.848534737017442090e-03,0.000000000000000000e+00
5.201005025125628123e+00,0.000000000000000000e+00,3.451796309456700573e-02,0.000000000000000000e+00,0.000000000000000000e+00,1.539195677841127298e-02,0.000000000000000000e+00,0.000000000000000000e+00,2.777301573142468630e-03,0.000000000000000000e+00
5.276381909547738225e+00,0.000000000000000000e+00,3.568598192368362815e-02,0.000000000000000000e+00,0.000000000000000000e+00,1.559855791412671257e-02,0.000000000000000000e+00,0.000000000000000000e+00,2.704210682462720311e-03,0.000000000000000000e+00
5.351758793969848327e+00,0.000000000000000000e+00,3.686936434748779023e-02,0.000000000000000000e+00,0.000000000000000000e+00,1.579958158436722826e-02,0.000000000000000000e+00,0.000000000000000000e+00,2.629322974053759001e-03,0.000000000000000000e+00
5.427135678391959317e+00,0.000000000000000000e+00,3.806768490721971349e-02,0.000000000000000000e+00,0.000000000000000000e+00,1.599489464617869644e-02,0.000000000000000000e+00,0.000000000000000000e+00,2.552699356991153939e-03,0.000000000000000000e+00
5.502512562814070307e+00,0.000000000000000000e+00,3.928050828125130567e-02,0.000000000000000000e+00,0.000000000000000000e+00,1.618436854774333092e-02,0.000000000000000000e+00,0.000000000000000000e+00,2.474400740350468728e-03,0.000000000000000000e+00
5.577889447236180409e+00,0.000000000000000000e+00,4.050738963115171898e-02,0.000000000000000000e+00,0.000000000000000000e+00,1.636787932837971069e-02,0.000000000000000000e+00,0.000000000000000000e+00,2.394488033207274342e-03,0.000000000000000000e+00
5.653266331658290511e+00,0.000000000000000000e+00,4.174787494775297758e-02,0.000000000000000000e+00,0.000000000000000000e+00,1.654530761854274348e-02,0.000000000000000000e+00,0.000000000000000000e+00,2.313022144637135250e-03,0.000000000000000000e+00
5.728643216080401501e+00,0.000000000000000000e+00,4.300150139721545944e-02,0.000000000000000000e+00,0.000000000000000000e+00,1.671653863982371091e-02,0.000000000000000000e+00,0.000000000000000000e+00,2.230063983715612885e-03,0.000000000000000000e+00
5.804020100502512491e+00,0.000000000000000000e+00,4.426779766709344061e-02,0.000000000000000000e+00,0.000000000000000000e+00,1.688146220495023025e-02,0.000000000000000000e+00,0.000000000000000000e+00,2.145674459518281257e-03,0.000000000000000000e+00
5.879396984924622593e+00,0.000000000000000000e+00,4.554628431240070885e-02,0.000000000000000000e+00,0.000000000000000000e+00,1.703997271778626144e-02,0.000000000000000000e+00,0.000000000000000000e+00,2.059914481120704403e-03,0.000000000000000000e+00
5.954773869346732695e+00,0.000000000000000000e+00,4.683647410167607328e-02,0.000000000000000000e+00,0.000000000000000000e+00,1.719196917333212435e-02,0.000000000000000000e+00,0.000000000000000000e+00,1.972844957598448093e-03,0.000000000000000000e+00
6.030150753768843686e+00,0.000000000000000000e+00,4.813787236304898493e-02,0.000000000000000000e+00,0.000000000000000000e+00,1.733735515772449540e-02,0.000000000000000000e+00,0.000000000000000000e+00,1.884526798027077012e-03,0.000000000000000000e+00
6.105527638190954676e+00,0.000000000000000000e+00,4.944997733030494919e-02,0.000000000000000000e+00,0.000000000000000000e+00,1.747603884823637280e-02,0.000000000000000000e+00,0.000000000000000000e+00,1.795020911482157365e-03,0.000000000000000000e+00
6.180904522613064778e+00,0.000000000000000000e+00,5.077228048895121582e-02,0.000000000000000000e+00,0.000000000000000000e+00,1.760793301327712862e-02,0.000000000000000000e+00,0.000000000000000000e+00,1.704388207039263161e-03,0.000000000000000000e+00
6.256281407035174880e+00,0.000000000000000000e+00,5.210426692228230239e-02,0.000000000000000000e+00,0.000000000000000000e+00,1.773295501239248104e-02,0.000000000000000000e+00,0.000000000000000000e+00,1.612689593773953232e-03,0.000000000000000000e+00
6.331658291457285870e+00,0.000000000000000000e+00,5.344541565744553857e-02,0.000000000000000000e+00,0.000000000000000000e+00,1.785102679626449085e-02,0.000000000000000000e+00,0.000000000000000000e+00,1.519985980761794000e-03,0.000000000000000000e+00
6.407035175879396860e+00,0.000000000000000000e+00,5.479520001150655489e-02,0.000000000000000000e+00,0.000000000000000000e+00,1.796207490671156148e-02,0.000000000000000000e+00,0.000000000000000000e+00,1.426338277078354486e-03,0.000000000000000000e+00
6.482412060301506962e+00,0.000000000000000000e+00,5.615308793751491029e-02,0.000000000000000000e+00,0.000000000000000000e+00,1.806603047668846676e-02,0.000000000000000000e+00,0.000000000000000000e+00,1.331807391799201112e-03,0.000000000000000000e+00
6.557788944723617064e+00,0.000000000000000000e+00,5.751854237056970576e-02,0.000000000000000000e+00,0.000000000000000000e+00,1.816282923028631272e-02,0.000000000000000000e+00,0.000000000000000000e+00,1.236454233999900298e-03,0.000000000000000000e+00
6.633165829145728054e+00,0.000000000000000000e+00,5.889102157388497599e-02,0.000000000000000000e+00,0.000000000000000000e+00,1.825241148273256189e-02,0.000000000000000000e+00,0.000000000000000000e+00,1.140339712756019116e-03,0.000000000000000000e+00
6.708542713567839044e+00,0.000000000000000000e+00,6.026997948485538631e-02,0.000000000000000000e+00,0.000000000000000000e+00,1.833472214039101253e-02,0.000000000000000000e+00,0.000000000000000000e+00,1.043524737143120299e-03,0.000000000000000000e+00
6.783919597989949146e+00,0.000000000000000000e+00,6.165486606112167284e-02,0.000000000000000000e+00,0.000000000000000000e+00,1.840971070076184019e-02,0.000000000000000000e+00,0.000000000000000000e+00,9.460702162367764503e-04,0.000000000000000000e+00
6.859296482412059248e+00,0.000000000000000000e+00,6.304512762663633252e-02,0.000000000000000000e+00,0.000000000000000000e+00,1.847733125248153876e-02,0.000000000000000000e+00,0.000000000000000000e+00,8.480370591125482426e-04,0.000000000000000000e+00
6.934673366834170238e+00,0.000000000000000000e+00,6.444020721772902860e-02,0.000000000000000000e+00,0.000000000000000000e+00,1.853754247532296562e-02,0.000000000000000000e+00,0.000000000000000000e+00,7.494861748460051329e-04,0.000000000000000000e+00
7.010050251256281229e+00,0.000000000000000000e+00,6.583954492917229451e-02,0.000000000000000000e+00,0.000000000000000000e+00,1.859030764019534501e-02,0.000000000000000000e+00,0.000000000000000000e+00,6.504784725127134336e-04,0.000000000000000000e+00
7.085427135678391330e+00,0.000000000000000000e+00,6.724257826024690465e-02,0.000000000000000000e+00,0.000000000000000000e+00,1.863559460914419874e-02,0.000000000000000000e+00,0.000000000000000000e+00,5.510748611882364213e-04,0.000000000000000000e+00
7.160804020100501432e+00,0.000000000000000000e+00,6.864874246080761300e-02,0.000000000000000000e+00,0.000000000000000000e+00,1.867337583535146409e-02,0.000000000000000000e+00,0.000000000000000000e+00,4.513362499481438778e-04,0.000000000000000000e+00
7.236180904522612423e+00,0.000000000000000000e+00,7.005747087734859324e-02,0.000000000000000000e+00,0.000000000000000000e+00,1.870362836313537586e-02,0.000000000000000000e+00,0.000000000000000000e+00,3.513235478680020612e-04,0.000000000000000000e+00
7.311557788944723413e+00,0.000000000000000000e+00,7.146819529906905943e-02,0.000000000000000000e+00,0.000000000000000000e+00,1.872633382795055312e-02,0.000000000000000000e+00,0.000000000000000000e+00,2.510976640233775550e-04,0.000000000000000000e+00
7.386934673366833515e+00,0.000000000000000000e+00,7.288034630393876168e-02,0.000000000000000000e+00,0.000000000000000000e+00,1.874147845638793330e-02,0.000000000000000000e+00,0.000000000000000000e+00,1.507195074898366987e-04,0.000000000000000000e+00
7.462311557788943617e+00,0.000000000000000000e+00,7.429335360476349570e-02,0.000000000000000000e+00,0.000000000000000000e+00,1.874905306617481032e-02,0.000000000000000000e+00,0.000000000000000000e+00,5.024998734294282987e-05,0.000000000000000000e+00
7.537688442211054607e+00,0.000000000000000000e+00,7.570664639525090389e-02,0.000000000000000000e+00,0.000000000000000000e+00,1.874905306617486583e-02,0.000000000000000000e+00,0.000000000000000000e+00,-5.024998734173116618e-05,0.000000000000000000e+00
7.613065326633165597e+00,0.000000000000000000e+00,7.711965369607570731e-02,0.000000000000000000e+00,0.000000000000000000e+00,1.874147845638807208e-02,0.000000000000000000e+00,0.000000000000000000e+00,-1.507195074886286265e-04,0.000000000000000000e+00
7.688442211055275699e+00,0.000000000000000000e+00,7.853180470094538179e-02,0.000000000000000000e+00,0.000000000000000000e+00,1.872633382795078211e-02,0.000000000000000000e+00,0.000000000000000000e+00,-2.510976640221732775e-04,0.000000000000000000e+00
7.763819095477385801e+00,0.000000000000000000e+00,7.994252912266584798e-02,0.000000000000000000e+00,0.000000000000000000e+00,1.870362836313570892e-02,0.000000000000000000e+00,0.000000000000000000e+00,-3.513235478668019036e-04,0.000000000000000000e+00
7.839195979899496791e+00,0.000000000000000000e+00,8.135125753920688374e-02,0.000000000000000000e+00,0.000000000000000000e+00,1.867337583535187695e-02,0.000000000000000000e+00,0.000000000000000000e+00,-4.513362499469514722e-04,0.000000000000000000e+00
7.914572864321607781e+00,0.000000000000000000e+00,8.275742173976763372e-02,0.000000000000000000e+00,0.000000000000000000e+00,1.863559460914470875e-02,0.000000000000000000e+00,0.000000000000000000e+00,-5.510748611870522557e-04,0.000000000000000000e+00
7.989949748743717883e+00,0.000000000000000000e+00,8.416045507084228550e-02,0.000000000000000000e+00,0.000000000000000000e+00,1.859030764019593482e-02,0.000000000000000000e+00,0.000000000000000000e+00,-6.504784725115375079e-04,0.000000000000000000e+00
8.065326633165827985e+00,0.000000000000000000e+00,8.555979278228556528e-02,0.000000000000000000e+00,0.000000000000000000e+00,1.853754247532365604e-02,0.000000000000000000e+00,0.000000000000000000e+00,-7.494861748448409166e-04,0.000000000000000000e+00
8.140703517587938975e+00,0.000000000000000000e+00,8.695487237337833075e-02,0.000000000000000000e+00,0.000000000000000000e+00,1.847733125248230898e-02,0.000000000000000000e+00,0.000000000000000000e+00,-8.480370591113961694e-04,0.000000000000000000e+00
8.216080402010049966e+00,0.000000000000000000e+00,8.834513393889303901e-02,0.000000000000000000e+00,0.000000000000000000e+00,1.840971070076269020e-02,0.000000000000000000e+00,0.000000000000000000e+00,-9.460702162356437843e-04,0.000000000000000000e+00
8.291457286432159179e+00,0.000000000000000000e+00,8.973002051515938104e-02,0.000000000000000000e+00,0.000000000000000000e+00,1.833472214039195622e-02,0.000000000000000000e+00,0.000000000000000000e+00,-1.043524737141999234e-03,0.000000000000000000e+00
8.366834170854270170e+00,0.000000000000000000e+00,9.110897842612988851e-02,0.000000000000000000e+00,0.000000000000000000e+00,1.825241148273358538e-02,0.000000000000000000e+00,0.000000000000000000e+00,-1.140339712754918217e-03,0.000000000000000000e+00
8.442211055276381160e+00,0.000000000000000000e+00,9.248145762944523507e-02,0.000000000000000000e+00,0.000000000000000000e+00,1.816282923028741947e-02,0.000000000000000000e+00,0.000000000000000000e+00,-1.236454233998819348e-03,0.000000000000000000e+00
8.517587939698492150e+00,0.000000000000000000e+00,9.384691206250009299e-02,0.000000000000000000e+00,0.000000000000000000e+00,1.806603047668965678e-02,0.000000000000000000e+00,0.000000000000000000e+00,-1.331807391798143581e-03,0.000000000000000000e+00
8.592964824120603140e+00,0.000000000000000000e+00,9.520479998850860104e-02,0.000000000000000000e+00,0.000000000000000000e+00,1.796207490671281742e-02,0.000000000000000000e+00,0.000000000000000000e+00,-1.426338277077320808e-03,0.000000000000000000e+00
8.668341708542712354e+00,0.000000000000000000e+00,9.655458434256966593e-02,0.000000000000000000e+00,0.000000000000000000e+00,1.785102679626583352e-02,0.000000000000000000e+00,0.000000000000000000e+00,-1.519985980760780704e-03,0.000000000000000000e+00
8.743718592964823344e+00,0.000000000000000000e+00,9.789573307773302702e-02,0.000000000000000000e+00,0.000000000000000000e+00,1.773295501239390698e-02,0.000000000000000000e+00,0.000000000000000000e+00,-1.612689593772968343e-03,0.000000000000000000e+00
8.819095477386934334e+00,0.000000000000000000e+00,9.922771951106422461e-02,0.000000000000000000e+00,0.000000000000000000e+00,1.760793301327862048e-02,0.000000000000000000e+00,0.000000000000000000e+00,-1.704388207038305810e-03,0.000000000000000000e+00
8.894472361809043548e+00,0.000000000000000000e+00,1.005500226697105814e-01,0.000000000000000000e+00,0.000000000000000000e+00,1.747603884823793405e-02,0.000000000000000000e+00,0.000000000000000000e+00,-1.795020911481230155e-03,0.000000000000000000e+00
8.969849246231154538e+00,0.000000000000000000e+00,1.018621276369666845e-01,0.000000000000000000e+00,0.000000000000000000e+00,1.733735515772611910e-02,0.000000000000000000e+00,0.000000000000000000e+00,-1.884526798026179293e-03,0.000000000000000000e+00
9.045226130653265528e+00,0.000000000000000000e+00,1.031635258983396863e-01,0.000000000000000000e+00,0.000000000000000000e+00,1.719196917333381744e-02,0.000000000000000000e+00,0.000000000000000000e+00,-1.972844957597582900e-03,0.000000000000000000e+00
9.120603015075376518e+00,0.000000000000000000e+00,1.044537156876152312e-01,0.000000000000000000e+00,0.000000000000000000e+00,1.703997271778803085e-02,0.000000000000000000e+00,0.000000000000000000e+00,-2.059914481119874338e-03,0.000000000000000000e+00
9.195979899497487509e+00,0.000000000000000000e+00,1.057322023329226174e-01,0.000000000000000000e+00,0.000000000000000000e+00,1.688146220495205865e-02,0.000000000000000000e+00,0.000000000000000000e+00,-2.145674459517486754e-03,0.000000000000000000e+00
9.271356783919596722e+00,0.000000000000000000e+00,1.069984986028007373e-01,0.000000000000000000e+00,0.000000000000000000e+00,1.671653863982559482e-02,0.000000000000000000e+00,0.000000000000000000e+00,-2.230063983714857846e-03,0.000000000000000000e+00
9.346733668341707713e+00,0.000000000000000000e+00,1.082521250522633927e-01,0.000000000000000000e+00,0.000000000000000000e+00,1.654530761854470719e-02,0.000000000000000000e+00,0.000000000000000000e+00,-2.313022144636413605e-03,0.000000000000000000e+00
9.422110552763818703e+00,0.000000000000000000e+00,1.094926103688648178e-01,0.000000000000000000e+00,0.000000000000000000e+00,1.636787932838170909e-02,0.000000000000000000e+00,0.000000000000000000e+00,-2.394488033206595631e-03,0.000000000000000000e+00
9.497487437185927917e+00,0.000000000000000000e+00,1.107194917187653699e-01,0.000000000000000000e+00,0.000000000000000000e+00,1.618436854774536401e-02,0.000000000000000000e+00,0.000000000000000000e+00,-2.474400740349836855e-03,0.000000000000000000e+00
9.572864321608038907e+00,0.000000000000000000e+00,1.119323150927970800e-01,0.000000000000000000e+00,0.000000000000000000e+00,1.599489464618078505e-02,0.000000000000000000e+00,0.000000000000000000e+00,-2.552699356990567603e-03,0.000000000000000000e+00
9.648241206030149897e+00,0.000000000000000000e+00,1.131306356525291351e-01,0.000000000000000000e+00,0.000000000000000000e+00,1.579958158436937238e-02,0.000000000000000000e+00,0.000000000000000000e+00,-2.629322974053212129e-03,0.000000000000000000e+00
9.723618090452260887e+00,0.000000000000000000e+00,1.143140180763335123e-01,0.000000000000000000e+00,0.000000000000000000e+00,1.559855791412888791e-02,0.000000000000000000e+00,0.000000000000000000e+00,-2.704210682462221578e-03,0.000000000000000000e+00
9.798994974874371877e+00,0.000000000000000000e+00,1.154820369054503082e-01,0.000000000000000000e+00,0.000000000000000000e+00,1.539195677841347955e-02,0.000000000000000000e+00,0.000000000000000000e+00,-2.777301573142016734e-03,0.000000000000000000e+00
9.874371859296481091e+00,0.000000000000000000e+00,1.166342768900535815e-01,0.000000000000000000e+00,0.000000000000000000e+00,1.517991591131363782e-02,0.000000000000000000e+00,0.000000000000000000e+00,-2.848534737017042670e-03,0.000000000000000000e+00
9.949748743718592081e+00,0.000000000000000000e+00,1.177703333353167514e-01,0.000000000000000000e+00,0.000000000000000000e+00,1.496257763805613518e-02,0.000000000000000000e+00,0.000000000000000000e+00,-2.917849265011725809e-03,0.000000000000000000e+00
1.002512562814070307e+01,0.000000000000000000e+00,1.188898124474783019e-01,0.000000000000000000e+00,0.000000000000000000e+00,1.474008887500422894e-02,0.000000000000000000e+00,0.000000000000000000e+00,-2.985184248050490839e-03,0.000000000000000000e+00
1.010050251256281229e+01,0.000000000000000000e+00,1.199923316799070550e-01,0.000000000000000000e+00,0.000000000000000000e+00,1.451260112965737682e-02,0.000000000000000000e+00,0.000000000000000000e+00,-3.050478777057792374e-03,0.000000000000000000e+00
1.017587939698492328e+01,0.000000000000000000e+00,1.210775200791679301e-01,0.000000000000000000e+00,0.000000000000000000e+00,1.428027050065145721e-02,0.000000000000000000e+00,0.000000000000000000e+00,-3.113671942958047296e-03,0.000000000000000000e+00
1.025125628140703427e+01,0.000000000000000000e+00,1.221450186310875236e-01,0.000000000000000000e+00,0.000000000000000000e+00,1.404325767775873451e-02,0.000000000000000000e+00,0.000000000000000000e+00,-3.174702836675688967e-03,0.000000000000000000e+00
1.032663316582914526e+01,0.000000000000000000e+00,1.231944806068196452e-01,0.000000000000000000e+00,0.000000000000000000e+00,1.380172794188775851e-02,0.000000000000000000e+00,0.000000000000000000e+00,-3.233510549135163760e-03,0.000000000000000000e+00
1.040201005025125625e+01,0.000000000000000000e+00,1.242255719089105509e-01,0.000000000000000000e+00,0.000000000000000000e+00,1.355585116508342854e-02,0.000000000000000000e+00,0.000000000000000000e+00,-3.290034171260896798e-03,0.000000000000000000e+00
1.047738693467336546e+01,0.000000000000000000e+00,1.252379714173650904e-01,0.000000000000000000e+00,0.000000000000000000e+00,1.330580181052703342e-02,0.000000000000000000e+00,0.000000000000000000e+00,-3.344212793977320575e-03,0.000000000000000000e+00
1.055276381909547645e+01,0.000000000000000000e+00,1.262313713357118283e-01,0.000000000000000000e+00,0.000000000000000000e+00,1.305175893253622370e-02,0.000000000000000000e+00,0.000000000000000000e+00,-3.395985508208865852e-03,0.000000000000000000e+00
1.062814070351758744e+01,0.000000000000000000e+00,1.272054775370685398e-01,0.000000000000000000e+00,0.000000000000000000e+00,1.279390617656491966e-02,0.000000000000000000e+00,0.000000000000000000e+00,-3.445291404879978567e-03,0.000000000000000000e+00
1.070351758793969665e+01,0.000000000000000000e+00,1.281600099102082890e-01,0.000000000000000000e+00,0.000000000000000000e+00,1.253243177920345536e-02,0.000000000000000000e+00,0.000000000000000000e+00,-3.492069574915083411e-03,0.000000000000000000e+00
1.077889447236180764e+01,0.000000000000000000e+00,1.290947027056243979e-01,0.000000000000000000e+00,0.000000000000000000e+00,1.226752856817851095e-02,0.000000000000000000e+00,0.000000000000000000e+00,-3.536259109238605071e-03,0.000000000000000000e+00
1.085427135678391863e+01,0.000000000000000000e+00,1.300093048815960661e-01,0.000000000000000000e+00,0.000000000000000000e+00,1.199939396235309708e-02,0.000000000000000000e+00,0.000000000000000000e+00,-3.577799098774995124e-03,0.000000000000000000e+00
1.092964824120602962e+01,0.000000000000000000e+00,1.309035804502544642e-01,0.000000000000000000e+00,0.000000000000000000e+00,1.172822997172655660e-02,0.000000000000000000e+00,0.000000000000000000e+00,-3.616628634448683030e-03,0.000000000000000000e+00
1.100502512562814061e+01,0.000000000000000000e+00,1.317773088236477430e-01,0.000000000000000000e+00,0.000000000000000000e+00,1.145424319743465306e-02,0.000000000000000000e+00,0.000000000000000000e+00,-3.652686807184092176e-03,0.000000000000000000e+00
1.108040201005024983e+01,0.000000000000000000e+00,1.326302851598067378e-01,0.000000000000000000e+00,0.000000000000000000e+00,1.117764483174942154e-02,0.000000000000000000e+00,0.000000000000000000e+00,-3.685912707905661129e-03,0.000000000000000000e+00
1.115577889447236082e+01,0.000000000000000000e+00,1.334623207088103947e-01,0.000000000000000000e+00,0.000000000000000000e+00,1.089865065807926053e-02,0.000000000000000000e+00,0.000000000000000000e+00,-3.716245427537828890e-03,0.000000000000000000e+00
1.123115577889447181e+01,0.000000000000000000e+00,1.342732431588518072e-01,0.000000000000000000e+00,0.000000000000000000e+00,1.061748105096895108e-02,0.000000000000000000e+00,0.000000000000000000e+00,-3.743624057005023181e-03,0.000000000000000000e+00
1.130653266331658102e+01,0.000000000000000000e+00,1.350628969823033099e-01,0.000000000000000000e+00,0.000000000000000000e+00,1.033436097609963071e-02,0.000000000000000000e+00,0.000000000000000000e+00,-3.767987687231678234e-03,0.000000000000000000e+00
1.138190954773869201e+01,0.000000000000000000e+00,1.358311437817819323e-01,0.000000000000000000e+00,0.000000000000000000e+00,1.004951999028871543e-02,0.000000000000000000e+00,0.000000000000000000e+00,-3.789275409142227411e-03,0.000000000000000000e+00
1.145728643216080300e+01,0.000000000000000000e+00,1.365778626362156023e-01,0.000000000000000000e+00,0.000000000000000000e+00,9.763192241490038434e-03,0.000000000000000000e+00,0.000000000000000000e+00,-3.807426313661109278e-03,0.000000000000000000e+00
1.153266331658291399e+01,0.000000000000000000e+00,1.373029504469077400e-01,0.000000000000000000e+00,0.000000000000000000e+00,9.475616468793758226e-03,0.000000000000000000e+00,0.000000000000000000e+00,-3.822379491712747223e-03,0.000000000000000000e+00
1.160804020100502498e+01,0.000000000000000000e+00,1.380063222836037662e-01,0.000000000000000000e+00,0.000000000000000000e+00,9.187036002426386336e-03,0.000000000000000000e+00,0.000000000000000000e+00,-3.834074034221585017e-03,0.000000000000000000e+00
1.168341708542713420e+01,0.000000000000000000e+00,1.386879117305561959e-01,0.000000000000000000e+00,0.000000000000000000e+00,8.897698763750747433e-03,0.000000000000000000e+00,0.000000000000000000e+00,-3.842449032112055587e-03,0.000000000000000000e+00
1.175879396984924519e+01,0.000000000000000000e+00,1.393476712325901201e-01,0.000000000000000000e+00,0.000000000000000000e+00,8.607857265266144128e-03,0.000000000000000000e+00,0.000000000000000000e+00,-3.847443576308578420e-03,0.000000000000000000e+00
1.183417085427135618e+01,0.000000000000000000e+00,1.399855724411689373e-01,0.000000000000000000e+00,0.000000000000000000e+00,8.317768610608011759e-03,0.000000000000000000e+00,0.000000000000000000e+00,-3.848996757735602056e-03,0.000000000000000000e+00
1.190954773869346539e+01,0.000000000000000000e+00,1.406016065604597520e-01,0.000000000000000000e+00,0.000000000000000000e+00,8.027694494548310439e-03,0.000000000000000000e+00,0.000000000000000000e+00,-3.847047667317563761e-03,0.000000000000000000e+00
1.198492462311557638e+01,0.000000000000000000e+00,1.411957846933990512e-01,0.000000000000000000e+00,0.000000000000000000e+00,7.737901202995307350e-03,0.000000000000000000e+00,0.000000000000000000e+00,-3.841535395978883452e-03,0.000000000000000000e+00
1.206030150753768737e+01,0.000000000000000000e+00,1.417681381877583247e-01,0.000000000000000000e+00,0.000000000000000000e+00,7.448659612993628783e-03,0.000000000000000000e+00,0.000000000000000000e+00,-3.832399034643994059e-03,0.000000000000000000e+00
1.213567839195979836e+01,0.000000000000000000e+00,1.423187189822095466e-01,0.000000000000000000e+00,0.000000000000000000e+00,7.160245192724168199e-03,0.000000000000000000e+00,0.000000000000000000e+00,-3.819577674237344556e-03,0.000000000000000000e+00
1.221105527638190935e+01,0.000000000000000000e+00,1.428475999523904638e-01,0.000000000000000000e+00,0.000000000000000000e+00,6.872938001504260569e-03,0.000000000000000000e+00,0.000000000000000000e+00,-3.803010405683358332e-03,0.000000000000000000e+00
1.228643216080401857e+01,0.000000000000000000e+00,1.433548752569705764e-01,0.000000000000000000e+00,0.000000000000000000e+00,6.587022689787557471e-03,0.000000000000000000e+00,0.000000000000000000e+00,-3.782636319906462676e-03,0.000000000000000000e+00
1.236180904522612956e+01,0.000000000000000000e+00,1.438406606837165647e-01,0.000000000000000000e+00,0.000000000000000000e+00,6.302788499164060053e-03,0.000000000000000000e+00,0.000000000000000000e+00,-3.758394507831103095e-03,0.000000000000000000e+00
1.243718592964824055e+01,0.000000000000000000e+00,1.443050939955577150e-01,0.000000000000000000e+00,0.000000000000000000e+00,6.020529262360089541e-03,0.000000000000000000e+00,0.000000000000000000e+00,-3.730224060381707313e-03,0.000000000000000000e+00
1.251256281407034976e+01,0.000000000000000000e+00,1.447483352766514575e-01,0.000000000000000000e+00,0.000000000000000000e+00,5.740543403238406936e-03,0.000000000000000000e+00,0.000000000000000000e+00,-3.698064068482708258e-03,0.000000000000000000e+00
1.258793969849246075e+01,0.000000000000000000e+00,1.451705672784489587e-01,0.000000000000000000e+00,0.000000000000000000e+00,5.463133936798031734e-03,0.000000000000000000e+00,0.000000000000000000e+00,-3.661853623058545799e-03,0.000000000000000000e+00
1.266331658291457174e+01,0.000000000000000000e+00,1.455719957657610475e-01,0.000000000000000000e+00,0.000000000000000000e+00,5.188608469174327796e-03,0.000000000000000000e+00,0.000000000000000000e+00,-3.621531815033647659e-03,0.000000000000000000e+00
1.273869346733668273e+01,0.000000000000000000e+00,1.459528498628232529e-01,0.000000000000000000e+00,0.000000000000000000e+00,4.917279197639075339e-03,0.000000000000000000e+00,0.000000000000000000e+00,-3.577037735332447635e-03,0.000000000000000000e+00
1.281407035175879372e+01,0.000000000000000000e+00,1.463133823993615079e-01,0.000000000000000000e+00,0.000000000000000000e+00,4.649462910600407617e-03,0.000000000000000000e+00,0.000000000000000000e+00,-3.528310474879373451e-03,0.000000000000000000e+00
1.288944723618090293e+01,0.000000000000000000e+00,1.466538702566576036e-01,0.000000000000000000e+00,0.000000000000000000e+00,4.385480987602662604e-03,0.000000000000000000e+00,0.000000000000000000e+00,-3.475289124598874516e-03,0.000000000000000000e+00
1.296482412060301392e+01,0.000000000000000000e+00,1.469746147136152259e-01,0.000000000000000000e+00,0.000000000000000000e+00,4.125659399326744685e-03,0.000000000000000000e+00,0.000000000000000000e+00,-3.417912775415375085e-03,0.000000000000000000e+00
1.304020100502512491e+01,0.000000000000000000e+00,1.472759417928249659e-01,0.000000000000000000e+00,0.000000000000000000e+00,3.870328707589798523e-03,0.000000000000000000e+00,0.000000000000000000e+00,-3.356120518253301582e-03,0.000000000000000000e+00
1.311557788944723413e+01,0.000000000000000000e+00,1.475582026066301899e-01,0.000000000000000000e+00,0.000000000000000000e+00,3.619824065345206461e-03,0.000000000000000000e+00,0.000000000000000000e+00,-3.289851444037105149e-03,0.000000000000000000e+00
1.319095477386934512e+01,0.000000000000000000e+00,1.478217737031921331e-01,0.000000000000000000e+00,0.000000000000000000e+00,3.374485216682924626e-03,0.000000000000000000e+00,0.000000000000000000e+00,-3.219044643691202235e-03,0.000000000000000000e+00
1.326633165829145611e+01,0.000000000000000000e+00,1.480670574125564909e-01,0.000000000000000000e+00,0.000000000000000000e+00,3.134656496829106923e-03,0.000000000000000000e+00,0.000000000000000000e+00,-3.143639208140026203e-03,0.000000000000000000e+00
1.334170854271356710e+01,0.000000000000000000e+00,1.482944821927175416e-01,0.000000000000000000e+00,0.000000000000000000e+00,2.900686832146256392e-03,0.000000000000000000e+00,0.000000000000000000e+00,-3.063574228308028197e-03,0.000000000000000000e+00
1.341708542713567809e+01,0.000000000000000000e+00,1.485045029756848212e-01,0.000000000000000000e+00,0.000000000000000000e+00,2.672929740133301972e-03,0.000000000000000000e+00,0.000000000000000000e+00,-2.978788795119629434e-03,0.000000000000000000e+00
1.349246231155778730e+01,0.000000000000000000e+00,1.486976015135482720e-01,0.000000000000000000e+00,0.000000000000000000e+00,2.451743329425521735e-03,0.000000000000000000e+00,0.000000000000000000e+00,-2.889221999499264146e-03,0.000000000000000000e+00
1.356783919597989829e+01,0.000000000000000000e+00,1.488742867245439472e-01,0.000000000000000000e+00,0.000000000000000000e+00,2.237490299794428397e-03,0.000000000000000000e+00,0.000000000000000000e+00,-2.794812932371366129e-03,0.000000000000000000e+00
1.364321608040200928e+01,0.000000000000000000e+00,1.490350950391190199e-01,0.000000000000000000e+00,0.000000000000000000e+00,2.030537942147998300e-03,0.000000000000000000e+00,0.000000000000000000e+00,-2.695500684660373947e-03,0.000000000000000000e+00
1.371859296482411850e+01,0.000000000000000000e+00,1.491805907459981817e-01,0.000000000000000000e+00,0.000000000000000000e+00,1.831258138530518758e-03,0.000000000000000000e+00,0.000000000000000000e+00,-2.591224347290709690e-03,0.000000000000000000e+00
1.379396984924622949e+01,0.000000000000000000e+00,1.493113663382485412e-01,0.000000000000000000e+00,0.000000000000000000e+00,1.640027362122628172e-03,0.000000000000000000e+00,0.000000000000000000e+00,-2.481923011186819295e-03,0.000000000000000000e+00
1.386934673366834048e+01,0.000000000000000000e+00,1.494280428593456056e-01,0.000000000000000000e+00,0.000000000000000000e+00,1.457226677241269842e-03,0.000000000000000000e+00,0.000000000000000000e+00,-2.367535767273130053e-03,0.000000000000000000e+00
1.394472361809045147e+01,0.000000000000000000e+00,1.495312702492381796e-01,0.000000000000000000e+00,0.000000000000000000e+00,1.283241739339862405e-03,0.000000000000000000e+00,0.000000000000000000e+00,-2.248001706474080964e-03,0.000000000000000000e+00
1.402010050251256246e+01,0.000000000000000000e+00,1.496217276904151516e-01,0.000000000000000000e+00,0.000000000000000000e+00,1.118462795008049382e-03,0.000000000000000000e+00,0.000000000000000000e+00,-2.123259919714088478e-03,0.000000000000000000e+00
1.409547738693467167e+01,0.000000000000000000e+00,1.497001239539696438e-01,0.000000000000000000e+00,0.000000000000000000e+00,9.632846819718210440e-04,0.000000000000000000e+00,0.000000000000000000e+00,-1.993249497917615014e-03,0.000000000000000000e+00
1.417085427135678266e+01,0.000000000000000000e+00,1.497671977456651593e-01,0.000000000000000000e+00,0.000000000000000000e+00,8.181068290936029932e-04,0.000000000000000000e+00,0.000000000000000000e+00,-1.857909532009071382e-03,0.000000000000000000e+00
1.424623115577889365e+01,0.000000000000000000e+00,1.498237180520016754e-01,0.000000000000000000e+00,0.000000000000000000e+00,6.833332563721716997e-04,0.000000000000000000e+00,0.000000000000000000e+00,-1.717179112912884005e-03,0.000000000000000000e+00
1.432160804020100286e+01,0.000000000000000000e+00,1.498704844862803753e-01,0.000000000000000000e+00,0.000000000000000000e+00,5.593725749425209302e-04,0.000000000000000000e+00,0.000000000000000000e+00,-1.570997331553523543e-03,0.000000000000000000e+00
1.439698492462311386e+01,0.000000000000000000e+00,1.499083276346696858e-01,0.000000000000000000e+00,0.000000000000000000e+00,4.466379870761251003e-04,0.000000000000000000e+00,0.000000000000000000e+00,-1.419303278855393001e-03,0.000000000000000000e+00
1.447236180904522485e+01,0.000000000000000000e+00,1.499381094022701200e-01,0.000000000000000000e+00,0.000000000000000000e+00,3.455472861807641215e-04,0.000000000000000000e+00,0.000000000000000000e+00,-1.262036045742931595e-03,0.000000000000000000e+00
1.454773869346733584e+01,0.000000000000000000e+00,1.499607233591813138e-01,0.000000000000000000e+00,0.000000000000000000e+00,2.565228568005672571e-04,0.000000000000000000e+00,0.000000000000000000e+00,-1.099134723140560762e-03,0.000000000000000000e+00
1.462311557788944683e+01,0.000000000000000000e+00,1.499770950865656205e-01,0.000000000000000000e+00,0.000000000000000000e+00,1.799916746160129869e-04,0.000000000000000000e+00,0.000000000000000000e+00,-9.305384019727389088e-04,0.000000000000000000e+00
1.469849246231155604e+01,0.000000000000000000e+00,1.499881825227155352e-01,0.000000000000000000e+00,0.000000000000000000e+00,1.163853064438821289e-04,0.000000000000000000e+00,0.000000000000000000e+00,-7.561861731638996149e-04,0.000000000000000000e+00
1.477386934673366703e+01,0.000000000000000000e+00,1.499949763091180943e-01,0.000000000000000000e+00,0.000000000000000000e+00,6.613991023744485056e-05,0.000000000000000000e+00,0.000000000000000000e+00,-5.760171276384450176e-04,0.000000000000000000e+00
1.484924623115577802e+01,0.000000000000000000e+00,1.499985001365207460e-01,0.000000000000000000e+00,0.000000000000000000e+00,2.969623508613313491e-05,0.000000000000000000e+00,0.000000000000000000e+00,-3.899703563208400839e-04,0.000000000000000000e+00
1.492462311557788723e+01,0.000000000000000000e+00,1.499998110909966098e-01,0.000000000000000000e+00,0.000000000000000000e+00,7.499621215869198672e-06,0.000000000000000000e+00,0.000000000000000000e+00,-1.979849501355123755e-04,0.000000000000000000e+00
1.500000000000000000e+01,0.000000000000000000e+00,1.500000000000106803e-01,0.000000000000000000e+00,0.000000000000000000e+00,-1.112234371029169248e-14,0.000000000000000000e+00,0.000000000000000000e+00,-6.875961738206398015e-15,0.000000000000000000e+00
